Guest:1.199999988E8:Last Updated on 2018-05-05 at 14:32:16.939
ollie2224:179.21000000000004:Last Updated on 2018-05-05 at 14:32:16.939
Elizabeth:0.0:Last Updated on 2018-05-05 at 14:32:16.939
maxpro:40.0:Last Updated on 2018-05-05 at 14:32:16.939
Dave:0.0:Last Updated on 2018-05-05 at 14:32:16.939
gabriele:100.0:Last Updated on 2018-05-05 at 14:32:16.939
Nifemi:130.0:Last Updated on 2018-05-05 at 14:32:16.939
princesscutypraise:9.99997878E17:Last Updated on 2018-05-05 at 14:32:16.939
Rooks:1186293.0:Last Updated on 2018-05-05 at 14:32:16.939
